image_width: 1280
image_height: 1024
camera_name: mv_camera
camera_matrix:
  rows: 3
  cols: 3
  data: [1587.535700, 0.000000, 638.238089, 0.000000, 1593.173195, 509.659170, 0.000000, 0.000000, 1.000000]
distortion_model: plumb_bob
distortion_coefficients:
  rows: 1
  cols: 5
  data: [-0.055212, 0.226629, 0.004591, 0.001672, 0.000000]
rectification_matrix:
  rows: 3
  cols: 3
  data: [1.000000, 0.000000, 0.000000, 0.000000, 1.000000, 0.000000, 0.000000, 0.000000, 1.000000]
projection_matrix:
  rows: 3
  cols: 4
  data: [1592.872192, 0.000000, 639.285000, 0.000000, 0.000000, 1595.751099, 512.552611, 0.000000, 0.000000, 0.000000, 1.000000, 0.000000]