image_width: 1280
image_height: 1024
camera_name: mv_camera
camera_matrix:
  rows: 3
  cols: 3
  data: [1040.234301, 0.000000, 637.605860, 0.000000, 1046.499903, 519.743599, 0.000000, 0.000000, 1.000000]
distortion_model: plumb_bob
distortion_coefficients:
  rows: 1
  cols: 5
  data: [-0.091834, 0.073717, -0.003531, 0.000056, 0.000000]
rectification_matrix:
  rows: 3
  cols: 3
  data: [1.000000, 0.000000, 0.000000, 0.000000, 1.000000, 0.000000, 0.000000, 0.000000, 1.000000]
projection_matrix:
  rows: 3
  cols: 4
  data: [1013.969055, 0.000000, 637.119014, 0.000000, 0.000000, 1026.498535, 516.629443, 0.000000, 0.000000, 0.000000, 1.000000, 0.000000]
