image_width: 1280
image_height: 1024
camera_name: mv_camera
camera_matrix:
  rows: 3
  cols: 3
  data: [1554.092448, 0.000000, 604.160147, 0.000000, 1561.029957, 392.572800, 0.000000, 0.000000, 1.000000]
distortion_model: plumb_bob
distortion_coefficients:
  rows: 1
  cols: 5
  data: [-0.078496, 0.107788, -0.015955, -0.004635, 0.000000]
rectification_matrix:
  rows: 3
  cols: 3
  data: [1.000000, 0.000000, 0.000000, 0.000000, 1.000000, 0.000000, 0.000000, 0.000000, 1.000000]
projection_matrix:
  rows: 3
  cols: 4
  data: [1544.742554, 0.000000, 599.176948, 0.000000, 0.000000, 1537.824097, 381.642453, 0.000000, 0.000000, 0.000000, 1.000000, 0.000000]

  
