image_width: 1280
image_height: 1024
camera_name: mv_camera
camera_matrix:
  rows: 3
  cols: 3
  data: [1579.565830, 0.000000, 629.101374, 0.000000, 1581.106141, 423.644900, 0.000000, 0.000000, 1.000000]
distortion_model: plumb_bob
distortion_coefficients:
  rows: 1
  cols: 5
  data: [-0.068947, 0.323105, -0.012329, 0.006056, 0.000000]
rectification_matrix:
  rows: 3
  cols: 3
  data: [1.000000, 0.000000, 0.000000, 0.000000, 1.000000, 0.000000, 0.000000, 0.000000, 1.000000]
projection_matrix:
  rows: 3
  cols: 4
  data: [1590.805908, 0.000000, 633.989862, 0.000000, 0.000000, 1590.538330, 416.263607, 0.000000, 0.000000, 0.000000, 1.000000, 0.000000]

  
